INFO: 2022-11-11 11:08:33,644: Data
INFO: 2022-11-11 11:08:33,646: Data shape (110527, 14)
INFO: 2022-11-11 11:08:33,661: Percentage of women: 0.653882342398853
INFO: 2022-11-11 11:08:33,675: Percentage of men: 0.346117657601147
ERROR: 2022-11-11 11:15:35,765: Data shape is incorrect!
